1	0.89172	"gain"	6
1	1.05998	"gain"	2
1	0.82345	"gain"	4
1	1.10915	"gain"	4
0	0.91419	"gain"	2
1	0.79845	"gain"	6
1	0.76414	"gain"	4
0	0.78212	"gain"	6
0	0.75195	"gain"	2
1	0.72765	"gain"	6
1	0.77744	"gain"	2
1	0.62912	"gain"	4
1	0.66947	"gain"	6
0	0.77377	"gain"	2
0	1.03613	"gain"	4
1	0.79983	"gain"	2
0	0.92954	"gain"	4
1	0.84789	"gain"	6
0	0.90168	"gain"	4
1	0.83928	"gain"	6
1	0.68541	"gain"	2
1	0.66266	"gain"	4
1	0.66667	"gain"	6
1	0.69769	"gain"	2
0	0.64385	"gain"	4
1	0.67806	"gain"	2
1	0.68709	"gain"	6
1	0.68234	"gain"	2
1	0.61335	"gain"	6
1	0.7998	"gain"	4
0	0.77083	"gain"	4
1	0.72321	"gain"	6
0	0.69499	"gain"	2
1	0.67993	"gain"	6
1	0.69028	"gain"	2
1	0.66063	"gain"	4
1	0.64008	"gain"	2
1	0.84568	"gain"	6
1	0.6886	"gain"	4
1	0.71639	"gain"	4
0	0.81251	"gain"	2
1	0.69251	"gain"	6
1	0.83053	"gain"	4
1	0.65089	"gain"	6
1	0.64124	"gain"	2
1	0.87874	"loss"	4
1	0.69886	"loss"	6
1	0.62701	"loss"	2
1	0.63289	"loss"	6
1	0.59996	"loss"	2
1	0.9083	"loss"	4
0	0.6461	"loss"	2
0	0.66233	"loss"	6
1	0.69612	"loss"	4
1	0.62047	"loss"	2
1	1.16704	"loss"	6
0	0.80895	"loss"	4
1	0.86874	"loss"	4
0	0.73999	"loss"	2
1	0.77416	"loss"	6
0	0.92837	"loss"	6
1	1.27363	"loss"	4
0	0.89444	"loss"	2
0	0.90666	"loss"	2
1	0.85778	"loss"	6
1	1.13714	"loss"	4
1	0.91261	"loss"	6
1	0.94473	"loss"	2
0	0.79941	"loss"	4
1	0.82037	"loss"	2
1	0.79573	"loss"	4
1	0.84437	"loss"	6
1	0.60853	"loss"	6
1	0.81238	"loss"	4
0	0.8034	"loss"	2
1	0.77585	"loss"	6
1	0.79911	"loss"	4
1	0.82823	"loss"	2
1	1.07744	"loss"	6
1	0.95617	"loss"	4
1	0.67706	"loss"	2
1	0.84298	"loss"	6
0	0.76247	"loss"	2
1	0.59472	"loss"	4
1	0.8875	"loss"	2
1	0.95085	"loss"	6
0	0.88911	"loss"	4
1	1.07875	"loss"	6
1	0.85487	"loss"	2
0	0.85146	"loss"	4
1	0.9649	"gain"	6
1	0.82593	"gain"	4
0	0.60818	"gain"	2
1	0.67363	"gain"	6
1	0.79247	"gain"	2
1	0.79315	"gain"	4
1	0.85563	"gain"	4
0	0.75467	"gain"	2
0	0.76112	"gain"	6
1	0.87248	"gain"	6
0	0.84907	"gain"	4
1	0.90808	"gain"	2
1	0.80201	"gain"	6
0	1.13947	"gain"	4
0	0.94844	"gain"	2
1	0.80047	"gain"	6
1	0.85358	"gain"	4
0	0.84527	"gain"	2
1	0.73192	"gain"	4
0	0.95307	"gain"	2
0	0.96133	"gain"	6
0	0.99094	"gain"	2
1	0.65297	"gain"	6
0	0.88084	"gain"	4
0	1.12888	"gain"	2
0	0.91525	"gain"	6
0	0.68671	"gain"	4
1	0.71563	"gain"	2
0	0.81818	"gain"	4
1	0.60242	"gain"	6
0	0.6859	"gain"	4
0	0.70834	"gain"	2
0	0.75081	"gain"	6
1	0.68027	"gain"	6
1	0.51781	"gain"	4
0	0.90119	"gain"	2
0	0.54858	"gain"	6
1	0.55246	"gain"	2
0	0.54124	"gain"	4
1	0.51739	"gain"	6
1	0.58963	"gain"	4
1	0.57165	"gain"	2
0	0.77785	"gain"	6
1	0.9268	"gain"	2
1	0.94176	"gain"	4
0	0.88379	"mixed"	2
1	1.26388	"mixed"	6
0	0.93302	"mixed"	4
1	0.75548	"mixed"	6
0	0.91418	"mixed"	2
1	0.60477	"mixed"	4
0	0.86845	"mixed"	6
1	1.00547	"mixed"	4
1	0.76337	"mixed"	2
1	1.2153	"mixed"	6
1	1.17423	"mixed"	4
0	1.03556	"mixed"	2
1	0.80239	"mixed"	6
0	0.67541	"mixed"	2
1	0.75619	"mixed"	4
1	0.78424	"mixed"	6
1	0.63616	"mixed"	4
0	1.17907	"mixed"	2
1	0.65114	"mixed"	2
1	1.30112	"mixed"	6
0	0.94286	"mixed"	4
1	0.85098	"mixed"	6
1	1.19983	"mixed"	2
0	0.8194	"mixed"	4
1	0.72065	"mixed"	6
0	0.85048	"mixed"	2
0	0.83664	"mixed"	4
1	0.64732	"mixed"	4
1	0.86777	"mixed"	6
1	0.82765	"mixed"	2
1	0.78271	"mixed"	4
1	0.91606	"mixed"	2
1	0.88254	"mixed"	6
1	0.61289	"mixed"	4
0	0.67537	"mixed"	2
1	0.76225	"mixed"	6
1	1.0317	"mixed"	6
1	0.9344	"mixed"	4
1	0.94209	"mixed"	2
1	0.95933	"mixed"	4
1	0.78512	"mixed"	6
1	1.17417	"mixed"	2
1	1.27146	"mixed"	4
1	0.90207	"mixed"	6
1	0.92053	"mixed"	2
1	0.72054	"mixed"	4
1	0.73255	"mixed"	6
1	0.87257	"mixed"	2
1	0.81737	"mixed"	6
1	1.03159	"mixed"	2
1	0.99561	"mixed"	4
1	1.14507	"mixed"	4
1	0.90871	"mixed"	6
1	0.9087	"mixed"	2
1	0.67772	"mixed"	6
1	1.12114	"mixed"	2
1	0.89028	"mixed"	4
1	0.9324	"mixed"	6
1	0.87066	"mixed"	2
1	0.98179	"mixed"	4
0	1.14602	"mixed"	2
1	0.74085	"mixed"	6
0	0.91727	"mixed"	4
1	0.89652	"mixed"	4
1	0.84688	"mixed"	2
1	0.72173	"mixed"	6
0	0.94884	"mixed"	6
1	1.0271	"mixed"	4
1	0.86713	"mixed"	2
1	0.80915	"mixed"	6
0	1.20084	"mixed"	2
1	0.86465	"mixed"	4
1	0.71378	"mixed"	2
1	0.78036	"mixed"	4
1	1.10971	"mixed"	6
1	0.94061	"mixed"	4
1	0.82007	"mixed"	6
0	1.08209	"mixed"	2
1	1.12768	"mixed"	4
1	0.85838	"mixed"	6
1	0.9906	"mixed"	2
1	0.90342	"mixed"	2
1	1.02798	"mixed"	4
1	0.74834	"mixed"	6
1	0.88612	"mixed"	6
0	1.14626	"mixed"	2
1	0.95386	"mixed"	4
1	0.71065	"mixed"	6
1	0.73977	"mixed"	4
1	0.89422	"mixed"	2
1	0.99175	"loss"	4
0	1.01496	"loss"	2
1	0.84255	"loss"	6
0	1.18767	"loss"	2
1	0.93304	"loss"	6
0	1.24306	"loss"	4
1	0.83786	"loss"	2
1	0.99558	"loss"	6
0	1.01837	"loss"	4
1	0.98397	"loss"	4
1	0.80728	"loss"	6
0	0.92363	"loss"	2
1	0.97622	"loss"	2
1	0.94871	"loss"	4
1	0.95764	"loss"	6
1	0.88424	"loss"	6
1	1.06137	"loss"	4
1	0.82914	"loss"	2
1	0.86895	"loss"	4
1	0.87131	"loss"	2
1	0.88576	"loss"	6
1	0.82314	"loss"	6
1	1.0243	"loss"	2
1	1.02566	"loss"	4
1	0.82504	"loss"	4
0	0.9423	"loss"	2
1	0.82779	"loss"	6
1	0.91086	"loss"	4
1	1.22058	"loss"	6
1	0.80432	"loss"	2
1	1.15399	"loss"	2
1	0.92802	"loss"	6
1	0.95505	"loss"	4
1	0.9904	"loss"	2
1	1.01757	"loss"	4
1	0.97693	"loss"	6
1	0.86952	"loss"	6
1	1.04643	"loss"	2
1	1.1096	"loss"	4
1	0.98306	"loss"	2
1	0.89492	"loss"	6
1	0.8665	"loss"	4
1	0.82676	"loss"	2
1	0.82898	"loss"	6
1	0.72021	"loss"	4
