0	0.90813	"gain"	2
1	1.11109	"gain"	4
1	0.92829	"gain"	6
1	0.78558	"gain"	6
1	0.69561	"gain"	2
1	0.77211	"gain"	4
1	1.00478	"gain"	4
1	0.95887	"gain"	6
1	1.10748	"gain"	2
0	1.37584	"gain"	6
1	1.09985	"gain"	2
1	1.23688	"gain"	4
0	1.48598	"gain"	2
1	0.99377	"gain"	6
1	0.72165	"gain"	4
1	1.03236	"gain"	2
1	0.73049	"gain"	4
1	0.79928	"gain"	6
1	0.9379	"gain"	4
1	0.70271	"gain"	6
1	1.18712	"gain"	2
1	0.93297	"gain"	4
0	0.7586	"gain"	2
1	0.78092	"gain"	6
1	0.59192	"gain"	4
1	1.00916	"gain"	6
1	0.99743	"gain"	2
1	0.64072	"gain"	4
1	0.74576	"gain"	6
1	1.26595	"gain"	2
1	1.04206	"gain"	6
1	0.94826	"gain"	2
0	0.88693	"gain"	4
1	0.73164	"gain"	2
1	0.85928	"gain"	6
1	0.83496	"gain"	4
1	0.65396	"gain"	2
1	0.86468	"gain"	6
1	0.81125	"gain"	4
1	1.07212	"gain"	2
1	0.80708	"gain"	6
0	1.01708	"gain"	4
1	0.70073	"gain"	6
1	0.97809	"gain"	2
0	1.02716	"gain"	4
1	1.12593	"mixed"	4
0	1.67646	"mixed"	2
1	1.23663	"mixed"	6
1	0.79919	"mixed"	6
1	1.15563	"mixed"	2
1	1.26131	"mixed"	4
1	0.87061	"mixed"	2
1	1.14967	"mixed"	6
1	0.99528	"mixed"	4
0	1.11344	"mixed"	4
1	0.95461	"mixed"	6
1	0.98797	"mixed"	2
1	0.84303	"mixed"	6
1	0.94718	"mixed"	2
1	0.72633	"mixed"	4
1	0.8396	"mixed"	4
1	1.16373	"mixed"	6
1	0.76129	"mixed"	2
1	0.99874	"mixed"	4
1	0.72666	"mixed"	6
1	1.27877	"mixed"	2
1	1.49656	"mixed"	4
1	0.5662	"mixed"	6
0	1.29058	"mixed"	2
1	1.33679	"mixed"	6
1	0.73245	"mixed"	2
1	0.89868	"mixed"	4
0	1.35068	"mixed"	2
1	1.17702	"mixed"	4
1	0.82692	"mixed"	6
1	1.21713	"mixed"	4
0	1.37821	"mixed"	6
1	1.11614	"mixed"	2
1	0.97572	"mixed"	6
1	1.0384	"mixed"	2
1	0.75372	"mixed"	4
0	0.83106	"mixed"	4
1	0.72374	"mixed"	2
1	0.72995	"mixed"	6
1	0.69717	"mixed"	4
1	1.09086	"mixed"	2
1	1.14694	"mixed"	6
1	0.86134	"mixed"	4
0	1.0522	"mixed"	2
1	1.15635	"mixed"	6
1	1.18893	"mixed"	6
0	1.31127	"mixed"	2
0	1.19439	"mixed"	4
1	0.82852	"mixed"	4
1	1.02989	"mixed"	2
1	1.6116	"mixed"	6
1	1.05589	"mixed"	2
1	0.90134	"mixed"	6
1	0.65262	"mixed"	4
1	0.71191	"mixed"	4
1	0.76392	"mixed"	6
0	0.85786	"mixed"	2
1	0.65496	"mixed"	4
1	0.89775	"mixed"	6
1	0.77906	"mixed"	2
1	0.94104	"mixed"	2
1	0.92058	"mixed"	4
1	1.39104	"mixed"	6
1	0.89714	"mixed"	2
1	0.96005	"mixed"	6
0	1.02634	"mixed"	4
1	0.96665	"mixed"	2
1	0.73582	"mixed"	6
1	1.18711	"mixed"	4
1	0.74273	"mixed"	2
1	0.97554	"mixed"	6
1	0.7754	"mixed"	4
1	0.86029	"mixed"	6
1	0.74342	"mixed"	4
1	0.78351	"mixed"	2
1	0.60298	"mixed"	6
0	1.08594	"mixed"	2
1	0.63037	"mixed"	4
0	1.26635	"mixed"	4
1	1.13211	"mixed"	6
1	1.63681	"mixed"	2
1	1.37038	"mixed"	2
1	1.39945	"mixed"	6
1	0.93629	"mixed"	4
1	0.73162	"mixed"	4
1	0.64871	"mixed"	2
0	1.20711	"mixed"	6
1	0.67159	"mixed"	6
1	0.76447	"mixed"	4
1	0.7566	"mixed"	2
0	1.15514	"gain"	2
0	0.59172	"gain"	4
1	0.61312	"gain"	6
1	0.72912	"gain"	2
1	0.74813	"gain"	6
1	0.90793	"gain"	4
1	0.89706	"gain"	6
1	0.89465	"gain"	2
1	0.6868	"gain"	4
1	1.01684	"gain"	4
0	1.52119	"gain"	6
1	0.80708	"gain"	2
1	0.68008	"gain"	6
1	0.90625	"gain"	2
1	0.96325	"gain"	4
0	1.24163	"gain"	4
1	1.23506	"gain"	2
1	0.90767	"gain"	6
1	0.72319	"gain"	4
1	0.83294	"gain"	6
0	0.78357	"gain"	2
1	0.66608	"gain"	4
1	0.67689	"gain"	6
1	0.81216	"gain"	2
1	0.59436	"gain"	4
0	0.88668	"gain"	2
1	0.68152	"gain"	6
1	0.79781	"gain"	4
1	0.89678	"gain"	6
0	0.69377	"gain"	2
1	1.02809	"gain"	6
1	0.9731	"gain"	2
1	1.49549	"gain"	4
0	0.88464	"gain"	2
1	0.71757	"gain"	6
1	0.99754	"gain"	4
1	1.30021	"gain"	2
1	1.51323	"gain"	6
1	1.06917	"gain"	4
1	0.68826	"gain"	6
1	0.83233	"gain"	4
1	0.7417	"gain"	2
1	0.90692	"gain"	4
1	0.98579	"gain"	6
1	1.41743	"gain"	2
0	2.19074	"loss"	2
1	0.89285	"loss"	4
1	1.82976	"loss"	6
1	0.91565	"loss"	4
1	1.48115	"loss"	6
0	0.93805	"loss"	2
1	2.24031	"loss"	2
1	0.93077	"loss"	4
1	0.62582	"loss"	6
1	0.86681	"loss"	4
1	0.59343	"loss"	6
1	0.64032	"loss"	2
1	0.62466	"loss"	4
1	0.5946	"loss"	2
1	0.59099	"loss"	6
1	0.84369	"loss"	4
1	0.64369	"loss"	6
1	0.60411	"loss"	2
1	0.58435	"loss"	6
1	0.67892	"loss"	4
0	0.86261	"loss"	2
1	1.15548	"loss"	4
1	0.70914	"loss"	6
1	1.2815	"loss"	2
1	1.06734	"loss"	6
1	1.32095	"loss"	2
1	1.12227	"loss"	4
1	1.12593	"loss"	6
0	0.93388	"loss"	4
1	0.85305	"loss"	2
1	1.49641	"loss"	4
1	0.80015	"loss"	2
1	1.46675	"loss"	6
1	1.03162	"loss"	4
1	0.69883	"loss"	6
0	1.03059	"loss"	2
1	0.71303	"loss"	6
0	0.71112	"loss"	2
1	0.86811	"loss"	4
1	1.16103	"loss"	4
0	1.23084	"loss"	2
0	1.43501	"loss"	6
1	1.19669	"loss"	2
0	1.23706	"loss"	4
1	3.04187	"loss"	6
1	0.8114	"loss"	4
1	0.81757	"loss"	2
1	0.75699	"loss"	6
1	0.68608	"loss"	6
1	0.63414	"loss"	2
1	0.8101	"loss"	4
1	0.66571	"loss"	4
1	0.67862	"loss"	6
1	0.73758	"loss"	2
1	0.70529	"loss"	2
1	0.76634	"loss"	4
1	0.80139	"loss"	6
1	1.06888	"loss"	4
1	1.02521	"loss"	2
1	0.68108	"loss"	6
1	0.90588	"loss"	6
1	1.04888	"loss"	2
0	1.15165	"loss"	4
1	0.90178	"loss"	6
1	0.7626	"loss"	2
1	1.04377	"loss"	4
0	0.77047	"loss"	2
1	0.74534	"loss"	4
1	1.16985	"loss"	6
1	0.7422	"loss"	6
1	0.93298	"loss"	4
1	0.7444	"loss"	2
1	1.31592	"loss"	6
1	0.80688	"loss"	2
1	1.57222	"loss"	4
1	3.20529	"loss"	6
1	1.24558	"loss"	4
1	1.04605	"loss"	2
1	0.98428	"loss"	4
1	0.97853	"loss"	6
0	0.88674	"loss"	2
1	0.64364	"loss"	4
0	1.01537	"loss"	2
1	1.27298	"loss"	6
1	0.70196	"loss"	2
0	1.30174	"loss"	4
1	0.60774	"loss"	6
0	0.97128	"loss"	2
1	0.83495	"loss"	4
1	0.6493	"loss"	6
