1	0.536	"loss"	4
1	0.66474	"loss"	6
0	0.71834	"loss"	2
1	0.76592	"loss"	2
1	0.7014	"loss"	4
1	0.63359	"loss"	6
1	0.61322	"loss"	2
1	0.59351	"loss"	6
1	0.54477	"loss"	4
1	0.71506	"loss"	6
1	0.71664	"loss"	4
1	0.52158	"loss"	2
1	0.66905	"loss"	2
1	0.87311	"loss"	4
1	0.76689	"loss"	6
1	0.72114	"loss"	2
1	0.90373	"loss"	4
1	0.67188	"loss"	6
0	1.13492	"loss"	2
1	1.80769	"loss"	4
1	0.66913	"loss"	6
0	0.75941	"loss"	2
0	0.82198	"loss"	4
1	0.95756	"loss"	6
1	1.13579	"loss"	6
1	0.98465	"loss"	4
0	0.96874	"loss"	2
1	0.72698	"loss"	2
1	0.96191	"loss"	4
1	0.64192	"loss"	6
0	0.67875	"loss"	2
1	0.79645	"loss"	6
1	0.92304	"loss"	4
1	0.74726	"loss"	4
1	0.82895	"loss"	2
1	0.95576	"loss"	6
1	0.57842	"loss"	6
1	0.62744	"loss"	2
1	0.96706	"loss"	4
0	0.76311	"loss"	2
1	0.64469	"loss"	4
1	0.62555	"loss"	6
1	0.56515	"loss"	6
1	0.88581	"loss"	4
1	1.37058	"loss"	2
1	0.79907	"gain"	4
1	0.67731	"gain"	6
1	0.74057	"gain"	2
1	1.04331	"gain"	4
1	0.56039	"gain"	6
1	0.75735	"gain"	2
1	0.78019	"gain"	2
1	0.60367	"gain"	6
1	0.58396	"gain"	4
1	0.95957	"gain"	6
1	0.62484	"gain"	4
1	0.98046	"gain"	2
1	0.57944	"gain"	2
1	0.81679	"gain"	6
1	0.53503	"gain"	4
0	0.576	"gain"	2
0	0.91837	"gain"	4
1	0.76029	"gain"	6
1	0.59779	"gain"	4
1	0.5654	"gain"	6
0	1.14037	"gain"	2
1	0.75619	"gain"	4
1	0.55523	"gain"	6
0	1.02818	"gain"	2
1	0.70565	"gain"	2
0	0.94513	"gain"	6
1	0.63479	"gain"	4
1	0.65396	"gain"	6
1	0.60081	"gain"	4
0	0.68929	"gain"	2
1	0.59755	"gain"	6
1	0.52351	"gain"	4
0	0.95913	"gain"	2
0	0.84079	"gain"	2
1	0.70962	"gain"	4
1	0.63299	"gain"	6
1	0.71605	"gain"	2
1	0.57554	"gain"	4
1	0.66362	"gain"	6
1	0.83571	"gain"	4
0	1.08148	"gain"	6
1	0.59568	"gain"	2
1	0.83298	"gain"	6
1	0.84323	"gain"	2
1	0.82146	"gain"	4
1	0.75878	"mixed"	2
1	0.74038	"mixed"	6
1	0.57932	"mixed"	4
0	0.58428	"mixed"	2
1	0.63232	"mixed"	6
0	0.47594	"mixed"	4
1	0.53157	"mixed"	6
1	0.56586	"mixed"	4
1	0.78723	"mixed"	2
1	0.60083	"mixed"	4
1	0.54113	"mixed"	2
1	0.6053	"mixed"	6
1	0.55477	"mixed"	2
1	0.63572	"mixed"	6
1	0.92664	"mixed"	4
1	0.758	"mixed"	6
1	0.64411	"mixed"	4
0	1.07314	"mixed"	2
1	0.74613	"mixed"	6
1	1.01674	"mixed"	4
1	0.86097	"mixed"	2
1	0.65255	"mixed"	4
1	0.70816	"mixed"	6
1	0.70749	"mixed"	2
1	0.74033	"mixed"	2
1	0.64602	"mixed"	4
1	0.58546	"mixed"	6
1	0.99374	"mixed"	2
1	0.72065	"mixed"	6
1	1.03226	"mixed"	4
1	0.79678	"mixed"	4
1	0.63703	"mixed"	6
0	0.81608	"mixed"	2
0	0.75669	"mixed"	4
1	0.92571	"mixed"	2
1	0.69594	"mixed"	6
0	0.65019	"mixed"	4
0	1.50175	"mixed"	2
1	0.64602	"mixed"	6
1	0.77286	"mixed"	6
1	0.59686	"mixed"	4
0	1.33187	"mixed"	2
1	0.68005	"mixed"	2
1	0.649	"mixed"	6
0	0.79034	"mixed"	4
1	0.49374	"mixed"	6
0	0.79805	"mixed"	2
0	0.69373	"mixed"	4
1	0.70579	"mixed"	2
1	1.03593	"mixed"	6
1	0.73738	"mixed"	4
1	0.67319	"mixed"	6
1	0.62801	"mixed"	4
0	0.62278	"mixed"	2
0	0.6803	"mixed"	2
1	0.54601	"mixed"	6
1	0.48965	"mixed"	4
1	0.46836	"mixed"	2
0	0.67934	"mixed"	6
1	0.91295	"mixed"	4
1	0.62421	"mixed"	6
1	0.6126	"mixed"	2
1	0.51289	"mixed"	4
1	0.55109	"mixed"	6
1	0.75053	"mixed"	2
0	0.68022	"mixed"	4
1	0.75363	"mixed"	4
1	0.58009	"mixed"	6
1	0.7159	"mixed"	2
1	0.7116	"mixed"	2
1	0.71378	"mixed"	4
1	0.67058	"mixed"	6
0	0.64217	"mixed"	2
1	0.59113	"mixed"	6
1	0.54351	"mixed"	4
1	0.9908	"mixed"	4
1	1.09502	"mixed"	2
1	0.5879	"mixed"	6
1	0.69217	"mixed"	4
0	0.76633	"mixed"	6
1	0.65983	"mixed"	2
0	0.53478	"mixed"	4
1	0.50357	"mixed"	6
1	0.57788	"mixed"	2
1	0.48751	"mixed"	4
1	0.50439	"mixed"	6
1	0.57055	"mixed"	2
1	0.73019	"mixed"	4
1	0.85113	"mixed"	6
1	0.66404	"mixed"	2
1	0.48601	"gain"	6
1	0.61735	"gain"	4
1	0.63041	"gain"	2
1	0.50335	"gain"	2
1	0.64176	"gain"	6
0	0.68701	"gain"	4
1	0.61596	"gain"	6
1	0.49088	"gain"	4
1	0.67117	"gain"	2
1	0.69056	"gain"	2
1	0.58961	"gain"	4
1	0.94838	"gain"	6
1	0.4528	"gain"	6
0	0.58087	"gain"	2
1	0.60384	"gain"	4
1	0.53536	"gain"	2
1	0.58453	"gain"	4
1	0.56846	"gain"	6
1	0.74407	"gain"	4
1	0.80891	"gain"	6
1	0.62238	"gain"	2
1	0.51655	"gain"	6
1	0.64563	"gain"	2
1	0.69923	"gain"	4
1	0.51522	"gain"	4
1	0.66097	"gain"	2
1	0.53505	"gain"	6
1	0.59812	"gain"	6
0	0.77141	"gain"	2
1	0.57444	"gain"	4
1	0.98339	"gain"	4
1	0.55817	"gain"	2
1	0.63697	"gain"	6
1	0.66724	"gain"	4
1	0.60818	"gain"	6
0	0.86757	"gain"	2
1	0.75237	"gain"	2
1	0.65806	"gain"	6
1	0.59768	"gain"	4
1	0.61171	"gain"	4
1	0.79133	"gain"	2
1	0.59081	"gain"	6
1	0.91095	"gain"	2
1	0.48653	"gain"	4
1	0.70073	"gain"	6
1	0.89435	"loss"	4
1	1.04737	"loss"	6
1	0.80525	"loss"	2
1	0.66826	"loss"	4
1	0.67111	"loss"	2
1	0.48238	"loss"	6
1	0.6301	"loss"	6
0	0.47516	"loss"	4
1	0.67818	"loss"	2
1	0.59741	"loss"	4
1	0.66028	"loss"	6
1	0.76921	"loss"	2
1	0.64892	"loss"	4
1	0.50008	"loss"	6
0	0.41591	"loss"	2
1	0.50277	"loss"	2
1	0.5305	"loss"	6
1	0.89791	"loss"	4
1	0.85217	"loss"	6
1	0.53831	"loss"	2
1	0.76316	"loss"	4
1	0.66734	"loss"	2
1	0.52572	"loss"	6
0	0.88727	"loss"	4
0	0.6913	"loss"	2
1	0.50081	"loss"	4
1	0.65653	"loss"	6
1	0.47682	"loss"	6
1	0.56825	"loss"	2
1	0.67989	"loss"	4
1	0.54149	"loss"	2
1	0.61426	"loss"	6
1	0.61383	"loss"	4
1	0.77946	"loss"	2
1	0.87363	"loss"	4
0	0.63063	"loss"	6
1	0.69868	"loss"	2
1	0.68496	"loss"	6
1	0.51182	"loss"	4
1	0.67554	"loss"	4
1	0.56223	"loss"	6
0	1.13975	"loss"	2
1	0.77274	"loss"	4
1	0.76402	"loss"	2
1	0.51503	"loss"	6
