1	0.68852	"loss"	6
1	0.7404	"mixed"	2
1	0.93018	"gain"	4
1	0.83194	"loss"	4
1	2.62444	"gain"	2
1	0.8051	"mixed"	6
1	0.7017	"mixed"	4
1	1.23594	"gain"	6
1	1.88512	"loss"	2
1	1.05228	"mixed"	4
1	0.86636	"loss"	2
1	0.89052	"gain"	6
1	0.89752	"mixed"	6
1	1.07562	"mixed"	2
1	2.35346	"gain"	4
0	1.88568	"gain"	2
1	0.93426	"loss"	6
1	0.73574	"loss"	4
1	1.51554	"loss"	6
1	0.81128	"gain"	6
1	1.49134	"gain"	2
1	0.8072	"mixed"	6
1	0.89168	"mixed"	2
1	0.89236	"loss"	2
1	1.44156	"loss"	4
1	1.05384	"mixed"	4
1	0.9387	"gain"	4
1	1.3523	"loss"	4
1	1.3385	"gain"	2
1	1.65214	"gain"	4
1	0.92272	"loss"	2
0	2.04426	"mixed"	4
0	2.4239	"mixed"	2
1	1.10064	"gain"	6
1	1.01452	"loss"	6
1	1.16506	"mixed"	6
1	1.08684	"mixed"	2
1	0.87534	"gain"	2
0	0.94804	"loss"	2
1	0.8706	"loss"	6
1	0.82914	"gain"	6
0	2.02554	"loss"	4
1	2.6671	"mixed"	4
1	1.58358	"mixed"	6
1	1.1828	"gain"	4
1	1.42446	"loss"	6
1	0.74756	"gain"	6
1	1.13076	"loss"	4
1	0.8499	"mixed"	6
1	1.4241	"mixed"	4
0	1.35436	"gain"	4
1	0.82118	"gain"	2
1	1.27546	"mixed"	2
1	1.00838	"loss"	2
1	0.66672	"gain"	6
1	0.64786	"gain"	4
1	0.93676	"mixed"	6
1	1.43372	"loss"	4
1	0.75006	"loss"	6
1	1.01436	"gain"	2
1	2.08548	"mixed"	4
1	1.15832	"loss"	2
0	2.3996	"mixed"	2
1	0.93276	"loss"	6
1	0.8134	"mixed"	6
1	1.47238	"gain"	2
1	1.22592	"mixed"	2
1	1.3948	"loss"	4
1	1.16972	"loss"	2
1	0.75694	"gain"	4
1	0.9767	"gain"	6
0	1.48018	"mixed"	4
1	1.19074	"mixed"	4
1	2.30714	"loss"	4
1	0.74074	"gain"	4
1	1.28076	"loss"	2
1	2.5763	"loss"	6
1	1.00906	"gain"	2
1	0.99652	"mixed"	2
1	0.98558	"gain"	6
1	1.21448	"mixed"	6
1	0.91854	"gain"	6
1	3.1371	"gain"	2
1	2.09646	"loss"	2
1	0.94594	"loss"	6
1	0.8301	"mixed"	4
1	0.7374	"gain"	4
1	0.66408	"mixed"	6
1	2.18704	"mixed"	2
1	1.8256	"loss"	4
1	0.92878	"mixed"	4
1	0.77314	"gain"	6
1	0.81698	"gain"	2
0	0.80512	"mixed"	2
1	0.7509	"loss"	4
1	0.56788	"mixed"	6
1	1.69732	"gain"	4
1	0.84748	"loss"	2
1	0.75194	"loss"	6
1	0.9133	"gain"	6
1	0.66286	"gain"	2
1	0.71024	"mixed"	4
1	0.5396	"mixed"	6
1	0.67724	"loss"	4
1	0.5298	"loss"	6
1	0.73398	"mixed"	2
1	0.60152	"gain"	4
1	0.718	"loss"	2
1	1.45244	"gain"	2
1	0.69044	"mixed"	6
1	0.57096	"loss"	6
1	0.74876	"gain"	6
1	1.56876	"mixed"	4
1	0.91942	"mixed"	2
1	0.90818	"gain"	4
0	0.70098	"loss"	4
0	0.97226	"loss"	2
1	0.54352	"loss"	4
0	0.61558	"loss"	2
1	1.52104	"mixed"	6
1	0.78572	"gain"	6
1	1.51572	"loss"	6
1	0.62724	"gain"	4
1	1.03898	"mixed"	2
1	0.87786	"mixed"	4
1	0.61466	"gain"	2
1	0.751	"gain"	2
1	0.58126	"mixed"	6
1	0.72804	"mixed"	2
0	0.65078	"loss"	4
1	0.61466	"gain"	6
1	0.84866	"loss"	2
1	0.63268	"loss"	6
1	0.74364	"gain"	4
1	0.94358	"mixed"	4
1	2.9906	"loss"	6
1	0.5457	"gain"	6
1	0.6146	"gain"	2
1	0.93188	"loss"	4
1	0.68334	"mixed"	6
1	0.59742	"gain"	4
1	1.80602	"loss"	2
1	0.64116	"mixed"	2
1	0.5073	"mixed"	4
1	0.65848	"mixed"	2
1	0.77812	"mixed"	4
1	0.53746	"gain"	6
0	1.16754	"loss"	2
0	0.53098	"gain"	2
1	0.64382	"gain"	4
1	0.78704	"mixed"	6
1	0.55666	"loss"	4
1	0.72502	"loss"	6
1	0.86482	"gain"	2
0	2.93236	"loss"	2
1	0.8631	"loss"	6
1	0.49604	"mixed"	6
1	0.51136	"mixed"	2
1	1.23644	"gain"	4
1	0.57008	"loss"	4
1	0.7448	"mixed"	4
1	0.50574	"gain"	6
1	0.51676	"gain"	4
1	0.61034	"gain"	6
1	1.16514	"mixed"	4
1	0.6757	"loss"	4
1	0.62234	"loss"	6
0	1.92854	"loss"	2
1	0.7067	"mixed"	2
1	2.4328	"mixed"	6
1	2.1613	"gain"	2
1	1.32432	"loss"	2
1	1.77248	"mixed"	2
1	0.80224	"mixed"	4
1	0.59212	"loss"	4
1	1.6234	"gain"	6
1	0.6701	"loss"	6
1	0.6897	"gain"	4
1	1.0697	"mixed"	6
1	0.60392	"gain"	2
1	0.87274	"mixed"	4
1	0.51436	"mixed"	6
1	0.68402	"gain"	4
1	0.83088	"mixed"	2
1	0.70602	"gain"	2
0	1.0507	"loss"	4
1	0.60736	"loss"	2
1	0.6607	"loss"	6
1	0.54362	"gain"	6
1	0.57514	"loss"	6
1	0.52786	"mixed"	6
1	0.51464	"mixed"	2
1	0.81758	"mixed"	4
1	0.7449	"loss"	2
1	0.69666	"gain"	4
1	1.84228	"loss"	4
0	0.77188	"gain"	2
1	0.6217	"gain"	6
0	0.66164	"gain"	4
1	0.78702	"gain"	6
0	1.17766	"mixed"	2
1	0.85908	"loss"	4
1	0.47308	"mixed"	6
1	0.5506	"loss"	6
1	0.51848	"mixed"	4
0	1.86614	"gain"	2
1	0.97126	"loss"	2
0	0.7211	"loss"	4
0	0.75328	"gain"	2
1	0.58102	"loss"	2
0	0.9744	"mixed"	4
1	1.30838	"loss"	6
1	0.67612	"gain"	6
0	1.80132	"gain"	4
1	0.5911	"mixed"	6
1	0.95736	"mixed"	2
1	0.58502	"gain"	6
1	0.73236	"mixed"	4
1	0.74836	"loss"	2
0	0.71584	"mixed"	2
1	0.51224	"gain"	4
1	0.76296	"gain"	2
1	1.22202	"loss"	6
1	0.83924	"loss"	4
1	0.74302	"mixed"	6
1	0.83978	"gain"	4
1	0.61196	"loss"	4
1	0.92402	"gain"	2
1	1.02546	"mixed"	4
1	0.6347	"loss"	2
0	0.4877	"mixed"	2
1	0.50536	"loss"	6
1	0.66024	"gain"	6
1	0.65736	"mixed"	6
1	0.74168	"loss"	2
0	0.63102	"gain"	2
1	0.77874	"mixed"	4
1	0.51618	"loss"	6
1	0.58768	"gain"	6
1	0.50614	"loss"	4
1	0.57268	"mixed"	6
1	0.54002	"gain"	4
1	0.68102	"mixed"	2
0	0.96296	"loss"	2
1	0.47068	"mixed"	6
1	0.46122	"loss"	6
1	0.72934	"loss"	4
1	0.60192	"mixed"	4
1	0.71728	"gain"	2
1	0.55702	"gain"	4
1	0.52226	"gain"	6
1	0.61426	"mixed"	2
0	1.01434	"loss"	6
1	0.7182	"mixed"	4
1	0.53574	"mixed"	6
1	0.87452	"gain"	4
1	1.28186	"loss"	2
1	0.61514	"loss"	4
1	2.66644	"gain"	2
1	0.61194	"gain"	6
1	0.57672	"mixed"	2
1	0.60968	"loss"	6
1	0.64144	"loss"	4
1	0.53068	"mixed"	6
1	0.74796	"gain"	6
1	0.51184	"mixed"	4
1	0.53038	"gain"	4
0	1.04602	"gain"	2
1	0.87034	"mixed"	2
1	0.62634	"loss"	2
