0	2.83494	"loss"	2
1	2.81359	"gain"	2
1	1.1333	"loss"	6
1	1.8956	"mixed"	4
1	3.05546	"mixed"	2
1	1.21508	"gain"	4
1	1.106	"gain"	6
1	1.05649	"mixed"	6
1	1.36131	"loss"	4
1	0.92504	"gain"	6
1	1.03531	"gain"	4
1	1.34898	"loss"	4
1	3.01968	"gain"	2
1	1.19192	"mixed"	6
0	2.23853	"loss"	2
1	1.12865	"loss"	6
1	2.2131	"mixed"	2
1	1.28794	"mixed"	4
1	3.04092	"loss"	2
1	1.65791	"mixed"	4
1	0.81871	"mixed"	2
1	1.22984	"gain"	2
1	0.9761	"gain"	6
1	1.42381	"loss"	4
1	1.15496	"loss"	6
1	1.47884	"gain"	4
1	0.926	"mixed"	6
1	1.37959	"gain"	4
1	1.44853	"gain"	2
1	0.74427	"loss"	4
1	2.78306	"mixed"	4
1	1.1873	"mixed"	2
1	1.23172	"gain"	6
1	1.01176	"mixed"	6
1	0.89564	"loss"	6
1	1.02256	"loss"	4
1	0.94666	"mixed"	6
1	1.95167	"gain"	4
1	2.13322	"mixed"	2
1	1.09755	"mixed"	4
1	0.97708	"loss"	6
1	1.38141	"gain"	6
1	1.27454	"mixed"	6
1	1.25154	"gain"	2
1	1.40028	"loss"	2
1	0.80307	"gain"	4
1	3.08677	"mixed"	2
1	0.99957	"loss"	4
1	1.65068	"mixed"	4
1	2.11203	"gain"	6
1	0.86992	"loss"	6
1	1.79053	"mixed"	2
1	1.13081	"mixed"	6
1	1.31899	"gain"	6
1	0.80724	"mixed"	4
1	1.35437	"loss"	6
1	0.85	"gain"	4
1	1.34085	"loss"	4
0	0.75139	"gain"	2
1	0.85966	"loss"	4
1	1.23649	"gain"	2
1	1.05037	"loss"	2
1	1.50789	"gain"	6
1	1.01481	"gain"	4
1	2.4582	"gain"	6
1	2.50625	"gain"	4
1	2.30764	"loss"	6
1	0.87342	"mixed"	4
1	1.27315	"mixed"	6
1	0.86351	"mixed"	4
1	0.8444	"mixed"	6
1	1.43717	"loss"	4
1	0.90797	"loss"	6
0	1.60493	"loss"	2
1	1.00871	"gain"	4
1	1.00025	"mixed"	6
1	1.56467	"loss"	4
1	1.16213	"loss"	2
1	1.8937	"gain"	2
1	3.47559	"mixed"	2
1	0.87473	"gain"	4
1	0.8548	"gain"	6
1	1.34522	"loss"	6
1	2.67565	"gain"	6
1	0.96251	"mixed"	4
1	1.78559	"mixed"	6
1	0.79793	"gain"	2
1	1.02616	"loss"	6
1	3.22838	"mixed"	4
0	3.33527	"loss"	6
1	0.76165	"gain"	4
1	0.90259	"gain"	6
1	0.76614	"mixed"	6
1	2.39579	"gain"	2
0	1.90177	"mixed"	2
1	0.88612	"loss"	4
1	0.92328	"mixed"	6
0	1.85901	"mixed"	4
1	3.22824	"mixed"	2
1	0.86208	"gain"	6
1	0.77504	"loss"	2
1	1.64639	"loss"	6
1	1.88451	"gain"	4
0	2.67678	"gain"	2
1	1.15623	"mixed"	4
1	0.75453	"loss"	6
1	0.79081	"gain"	4
1	1.15514	"loss"	2
1	1.41211	"gain"	6
1	1.43416	"loss"	4
1	0.9845	"mixed"	6
1	1.30932	"loss"	6
1	1.14039	"gain"	2
1	0.90658	"mixed"	2
1	1.02405	"gain"	4
1	1.7024	"mixed"	4
1	0.69527	"gain"	6
1	1.19949	"loss"	2
1	2.00436	"loss"	4
1	2.7839	"loss"	2
1	2.07578	"mixed"	6
1	0.99213	"gain"	2
1	0.99501	"gain"	6
1	0.83848	"loss"	4
1	1.43694	"gain"	4
1	1.03027	"mixed"	4
1	1.2249	"loss"	6
1	1.20367	"gain"	2
1	2.31846	"mixed"	4
1	1.36508	"mixed"	6
1	0.93944	"loss"	6
1	2.8257	"gain"	4
0	1.0124	"loss"	2
1	0.68328	"gain"	6
1	0.82665	"mixed"	2
1	2.58531	"loss"	2
1	1.70232	"mixed"	6
1	0.84624	"gain"	6
1	3.40818	"gain"	2
1	1.43436	"mixed"	2
1	2.12271	"gain"	4
1	0.96027	"mixed"	4
1	1.08523	"loss"	4
1	0.9079	"mixed"	4
1	1.53854	"gain"	4
1	0.84937	"gain"	2
1	1.1641	"loss"	4
1	0.95615	"mixed"	6
1	1.01101	"loss"	6
1	0.8138	"mixed"	2
1	1.03483	"gain"	6
1	0.8287	"loss"	2
1	1.8268	"loss"	2
1	2.41298	"loss"	4
1	0.77941	"gain"	4
1	2.08802	"mixed"	2
1	0.7314	"mixed"	4
1	0.79749	"gain"	2
1	1.06509	"gain"	6
1	0.82278	"loss"	6
1	1.16823	"mixed"	6
1	1.05326	"loss"	6
1	1.37026	"loss"	4
1	1.51179	"gain"	4
1	1.56938	"loss"	2
1	1.75062	"gain"	2
1	0.68445	"gain"	6
1	0.92427	"mixed"	4
1	0.93074	"mixed"	6
1	0.76709	"mixed"	6
1	1.02814	"gain"	2
1	1.33332	"gain"	4
1	2.4761	"mixed"	2
1	2.68411	"loss"	4
1	1.22781	"mixed"	4
1	0.8792	"loss"	6
1	0.73102	"gain"	6
1	1.96232	"mixed"	6
0	0.94205	"gain"	2
1	1.31988	"gain"	6
1	0.81015	"loss"	4
1	1.07772	"mixed"	2
1	0.80042	"gain"	4
1	2.69304	"mixed"	4
1	0.94106	"loss"	2
1	0.81007	"loss"	6
1	1.48869	"mixed"	4
1	1.71945	"gain"	6
1	0.74998	"gain"	2
1	0.7862	"gain"	4
1	2.07134	"mixed"	2
1	1.23604	"loss"	6
1	2.63789	"loss"	2
1	1.31539	"loss"	4
1	2.15492	"mixed"	6
1	0.81444	"mixed"	4
1	0.98149	"mixed"	6
1	1.42554	"loss"	4
1	0.7367	"gain"	6
1	0.86949	"gain"	4
1	1.73461	"loss"	6
1	0.63673	"gain"	2
0	1.24897	"loss"	2
1	1.32232	"mixed"	2
1	2.90518	"gain"	2
1	1.39712	"gain"	4
1	1.70865	"mixed"	4
1	1.79575	"gain"	6
1	1.38162	"mixed"	2
1	0.96633	"loss"	6
1	0.79482	"mixed"	6
1	1.54397	"loss"	2
1	0.79696	"gain"	6
1	0.98074	"gain"	4
1	0.88031	"gain"	2
1	1.16886	"loss"	4
1	0.80776	"mixed"	2
1	1.04261	"mixed"	4
1	0.77254	"mixed"	6
1	0.88363	"loss"	6
1	2.07077	"loss"	2
1	1.49135	"loss"	2
1	1.6202	"gain"	2
1	0.74573	"gain"	4
1	1.38465	"loss"	4
1	0.8603	"gain"	6
1	1.89237	"mixed"	6
1	0.87967	"loss"	6
1	0.67615	"mixed"	4
1	0.93236	"mixed"	2
1	1.7077	"mixed"	2
1	0.65821	"gain"	6
1	0.73501	"loss"	4
1	0.74514	"mixed"	4
1	1.91034	"gain"	2
0	1.87589	"loss"	2
1	1.34897	"gain"	4
1	0.94245	"loss"	6
1	0.65221	"mixed"	6
