1	0.66885	"mixed"	4
1	1.19823	"mixed"	2
1	1.32346	"loss"	2
0	1.4076	"loss"	4
1	0.58681	"gain"	6
1	0.83715	"gain"	4
1	0.85867	"gain"	2
1	0.86712	"loss"	6
1	0.70067	"mixed"	6
1	0.85973	"gain"	6
1	0.88099	"gain"	4
1	0.96118	"mixed"	6
1	1.35198	"loss"	4
1	0.73217	"loss"	6
1	1.35293	"loss"	2
0	0.57808	"mixed"	4
1	0.68728	"mixed"	2
0	0.74147	"gain"	2
1	1.10826	"gain"	4
0	0.86747	"mixed"	4
0	1.0679	"loss"	2
1	0.5594	"mixed"	2
0	0.75597	"mixed"	6
1	0.57316	"gain"	6
1	0.66454	"gain"	2
1	0.49819	"loss"	4
1	0.57392	"loss"	6
0	0.66155	"gain"	2
1	1.09907	"mixed"	6
1	0.66254	"loss"	6
1	0.52913	"gain"	6
1	0.94711	"mixed"	4
1	0.67972	"gain"	4
1	1.18529	"loss"	2
1	1.00646	"mixed"	2
1	0.95225	"loss"	4
1	0.91983	"gain"	4
1	0.91976	"mixed"	6
1	1.02831	"gain"	6
1	0.95422	"loss"	2
1	0.97081	"gain"	2
1	1.0376	"mixed"	2
1	0.7385	"loss"	4
1	0.9551	"loss"	6
1	1.36804	"mixed"	4
1	0.78185	"loss"	6
1	0.79627	"gain"	4
1	0.69917	"gain"	6
1	0.60376	"mixed"	6
1	0.53374	"mixed"	2
1	0.64219	"loss"	4
1	0.86314	"gain"	2
1	0.65971	"loss"	2
1	0.69742	"mixed"	4
1	0.65995	"gain"	2
1	0.84349	"mixed"	6
1	1.07794	"mixed"	4
1	1.24018	"gain"	4
1	0.78637	"loss"	4
1	0.52924	"gain"	6
1	0.73787	"loss"	6
1	1.65892	"mixed"	2
1	0.98037	"loss"	2
1	0.77634	"gain"	6
1	0.60979	"loss"	6
1	0.80573	"loss"	2
0	0.59826	"mixed"	4
1	0.73985	"gain"	4
1	0.59007	"gain"	2
0	0.57433	"mixed"	6
1	0.67454	"loss"	4
0	0.69976	"mixed"	2
1	0.60029	"loss"	4
0	0.7175	"mixed"	2
1	0.76731	"mixed"	4
1	0.59262	"gain"	4
1	0.95586	"gain"	6
0	0.56036	"gain"	2
0	0.8435	"mixed"	6
1	0.78142	"loss"	6
0	0.59051	"loss"	2
1	0.95719	"mixed"	6
1	0.63222	"mixed"	2
1	1.1165	"loss"	2
0	0.95413	"loss"	4
0	0.95852	"loss"	6
1	0.67531	"mixed"	4
1	1.12939	"gain"	2
1	1.87536	"gain"	4
1	0.5978	"gain"	6
0	1.19682	"mixed"	2
1	0.55847	"loss"	6
1	0.98348	"gain"	2
1	0.85416	"mixed"	4
1	0.59642	"gain"	6
1	0.83423	"gain"	4
1	0.69299	"mixed"	6
1	0.98527	"loss"	2
1	0.87717	"loss"	4
1	0.60229	"mixed"	4
0	0.63138	"gain"	2
1	0.73647	"gain"	4
1	0.86159	"loss"	6
1	0.69128	"gain"	6
1	0.58773	"loss"	2
1	0.592	"mixed"	6
1	0.54221	"loss"	4
0	0.87118	"mixed"	2
1	0.67221	"mixed"	2
1	0.50994	"gain"	2
0	0.52245	"mixed"	4
0	0.64827	"loss"	4
1	1.04838	"loss"	6
1	0.54445	"gain"	6
1	0.51539	"gain"	4
1	0.53295	"mixed"	6
1	0.52046	"loss"	2
1	0.5414	"mixed"	6
1	0.50798	"loss"	2
1	0.51331	"loss"	6
0	0.48396	"mixed"	4
1	1.0175	"loss"	4
1	1.06046	"mixed"	2
0	0.90255	"gain"	2
1	1.05287	"gain"	4
0	0.62334	"gain"	6
1	0.75377	"mixed"	2
1	0.84118	"mixed"	6
1	0.83277	"gain"	4
1	0.66712	"loss"	4
1	0.5839	"gain"	2
1	1.13402	"mixed"	4
1	0.52978	"gain"	6
1	0.57665	"loss"	6
1	1.19759	"loss"	2
1	0.70266	"mixed"	4
0	0.98621	"gain"	2
0	0.66124	"mixed"	2
1	0.56635	"gain"	6
1	0.94969	"loss"	2
1	0.55408	"loss"	6
1	1.09217	"mixed"	6
1	0.95094	"loss"	4
0	0.572	"gain"	4
1	0.62211	"mixed"	4
1	0.5737	"loss"	4
1	1.01944	"mixed"	2
1	0.76123	"gain"	2
1	0.61195	"mixed"	6
1	0.82435	"gain"	6
1	0.64967	"loss"	2
1	0.91657	"gain"	4
1	0.61315	"loss"	6
1	0.5339	"loss"	4
1	0.76338	"gain"	4
1	0.54813	"mixed"	4
1	0.7517	"gain"	6
1	1.1976	"mixed"	6
1	0.8822	"loss"	6
0	0.71159	"mixed"	2
1	0.60734	"gain"	2
0	1.20329	"loss"	2
1	0.6084	"gain"	4
1	0.85862	"loss"	4
1	1.04167	"loss"	2
1	0.74267	"gain"	6
1	0.53861	"loss"	6
0	1.08893	"mixed"	2
1	1.41042	"gain"	2
1	0.58993	"mixed"	6
1	1.12337	"mixed"	4
1	0.4987	"mixed"	2
1	0.81549	"mixed"	4
1	0.59061	"gain"	2
1	0.58635	"loss"	6
1	1.18767	"loss"	4
0	1.15477	"gain"	4
1	0.77584	"gain"	6
1	0.66775	"mixed"	6
0	0.74297	"loss"	2
1	0.82797	"loss"	4
0	0.51935	"mixed"	2
1	0.57871	"loss"	6
1	0.958	"mixed"	4
1	0.62488	"loss"	2
1	0.88323	"gain"	2
1	0.55536	"mixed"	6
1	0.64267	"gain"	4
1	0.59685	"gain"	6
1	0.65204	"gain"	4
1	0.69381	"gain"	6
1	0.82736	"loss"	4
1	0.72748	"mixed"	6
1	0.83214	"mixed"	2
1	0.74913	"mixed"	4
1	0.72832	"gain"	2
1	0.71664	"loss"	6
0	1.09602	"loss"	2
1	0.68345	"mixed"	4
1	1.0425	"mixed"	2
1	0.63436	"gain"	4
1	0.5931	"loss"	4
1	0.50967	"gain"	6
1	0.54747	"gain"	2
1	0.57367	"mixed"	6
0	1.16168	"loss"	2
1	0.52005	"loss"	6
1	0.79153	"mixed"	6
1	0.62925	"gain"	4
1	0.5249	"gain"	6
1	0.87113	"loss"	2
1	0.7387	"mixed"	2
1	0.89714	"mixed"	4
1	0.5929	"loss"	6
1	0.6353	"gain"	2
1	0.61499	"loss"	4
1	0.5272	"mixed"	6
1	0.53575	"loss"	4
1	0.74063	"gain"	6
1	0.46179	"loss"	6
1	1.07845	"mixed"	2
1	0.67889	"mixed"	4
1	0.65844	"gain"	4
0	1.54637	"loss"	2
0	0.91745	"gain"	2
1	1.07654	"loss"	2
1	0.82341	"mixed"	2
1	0.65271	"gain"	4
1	0.49449	"gain"	2
1	0.89022	"mixed"	6
1	0.53692	"loss"	6
1	0.55817	"mixed"	4
1	0.51652	"gain"	6
0	0.58803	"loss"	4
1	0.57146	"gain"	6
1	0.58011	"loss"	6
1	0.53013	"loss"	4
0	0.93921	"gain"	2
1	0.87276	"mixed"	4
1	0.58142	"mixed"	2
1	0.99893	"gain"	4
1	1.07822	"loss"	2
1	0.58658	"mixed"	6
1	0.69909	"gain"	2
1	1.24568	"mixed"	2
1	0.95465	"gain"	4
1	0.7003	"loss"	2
1	0.56776	"loss"	4
1	0.73434	"mixed"	4
1	0.70549	"loss"	6
1	0.70144	"mixed"	6
1	0.50701	"gain"	6
1	0.54898	"mixed"	2
1	0.54908	"gain"	6
1	0.47835	"loss"	6
1	0.68334	"gain"	4
1	0.60865	"loss"	2
1	0.87076	"mixed"	4
1	0.55519	"loss"	4
1	0.56781	"gain"	2
1	0.51376	"mixed"	6
0	0.55128	"mixed"	2
1	0.73142	"loss"	6
1	0.54791	"mixed"	6
1	0.62748	"loss"	2
1	0.93234	"loss"	4
1	0.55757	"mixed"	4
1	0.63247	"gain"	6
1	0.95373	"gain"	2
1	0.52531	"gain"	4
