1	0.53229	"loss"	4
1	0.60488	"mixed"	6
1	0.65056	"gain"	2
1	0.70754	"mixed"	4
1	0.64839	"gain"	6
1	0.88218	"mixed"	2
1	0.59993	"gain"	4
1	0.5091	"loss"	6
1	0.59429	"loss"	2
0	0.59251	"mixed"	2
1	0.58485	"gain"	4
1	0.82291	"gain"	6
1	0.52212	"loss"	4
1	0.57832	"mixed"	6
1	0.59215	"loss"	6
1	0.68371	"gain"	2
1	0.54723	"mixed"	4
1	0.56255	"loss"	2
1	0.64959	"gain"	2
1	0.57445	"gain"	6
1	0.45156	"loss"	2
1	0.61652	"loss"	6
0	0.62942	"loss"	4
0	0.76145	"gain"	4
1	0.64739	"mixed"	6
1	0.51424	"mixed"	4
1	0.62712	"mixed"	2
1	0.60052	"mixed"	4
0	0.6134	"mixed"	2
0	0.69028	"loss"	6
1	0.60503	"mixed"	6
1	0.59223	"loss"	4
1	0.62648	"loss"	2
1	0.57937	"gain"	6
1	0.45039	"gain"	2
1	0.5147	"gain"	4
1	0.58018	"gain"	2
1	0.66807	"loss"	6
1	0.54068	"mixed"	6
1	0.56771	"gain"	4
1	0.49439	"gain"	6
1	0.51464	"mixed"	2
1	0.60657	"loss"	4
1	0.63479	"mixed"	4
0	0.56616	"loss"	2
1	0.67741	"gain"	4
1	0.5249	"gain"	6
1	0.75585	"mixed"	4
1	0.59389	"loss"	6
1	0.6453	"loss"	2
1	0.57547	"gain"	2
1	0.5875	"mixed"	2
1	0.61491	"mixed"	6
1	0.62009	"loss"	4
1	0.5675	"mixed"	2
0	0.60096	"gain"	2
1	0.56723	"loss"	6
1	0.50978	"loss"	4
1	0.6059	"gain"	4
1	0.61977	"mixed"	4
1	0.58387	"gain"	6
1	0.53255	"mixed"	6
1	0.72504	"loss"	2
1	0.92576	"mixed"	2
1	0.7071	"loss"	2
1	0.59628	"mixed"	4
1	0.65601	"gain"	4
1	0.55504	"mixed"	6
0	0.53589	"loss"	4
1	0.66414	"gain"	6
1	0.77955	"gain"	2
1	0.71383	"loss"	6
0	0.66532	"gain"	2
1	0.77808	"mixed"	4
1	0.63186	"loss"	6
0	0.69198	"mixed"	2
0	0.71725	"loss"	2
0	0.74857	"gain"	4
1	0.54086	"gain"	6
0	0.5592	"mixed"	6
1	0.64511	"loss"	4
1	0.69163	"mixed"	4
1	0.63601	"loss"	4
1	0.55028	"loss"	6
1	0.5429	"loss"	2
0	0.45079	"gain"	2
1	0.483	"gain"	4
1	0.62545	"gain"	6
1	0.57871	"mixed"	2
1	0.53541	"mixed"	6
1	0.56155	"mixed"	6
1	0.67188	"loss"	4
1	0.78709	"loss"	2
1	0.71316	"gain"	6
1	0.75298	"gain"	4
1	0.69134	"loss"	6
1	0.78889	"gain"	2
1	0.73671	"mixed"	4
1	0.74413	"mixed"	2
1	0.72781	"gain"	2
0	0.65585	"mixed"	2
1	0.9068	"mixed"	6
1	0.82562	"mixed"	4
0	0.6667	"loss"	2
1	0.62955	"gain"	4
1	0.65019	"gain"	6
1	0.86837	"loss"	4
1	0.70877	"loss"	6
1	0.72475	"gain"	6
1	0.67054	"loss"	2
1	0.59211	"mixed"	4
1	0.6044	"loss"	6
0	0.69799	"gain"	2
1	0.68151	"gain"	4
0	0.8484	"loss"	4
1	0.7057	"mixed"	6
1	0.67419	"mixed"	2
1	0.66376	"loss"	6
1	0.5627	"loss"	2
1	0.55667	"gain"	2
1	0.60507	"mixed"	6
0	0.60185	"mixed"	4
0	0.49583	"gain"	4
1	0.63222	"gain"	6
1	0.68414	"mixed"	2
1	0.9735	"loss"	4
1	0.84668	"gain"	2
1	0.777	"mixed"	6
1	0.6465	"gain"	6
1	0.69002	"loss"	4
1	0.54717	"loss"	6
1	0.63314	"loss"	2
0	0.47736	"mixed"	2
1	0.6396	"gain"	4
1	0.58624	"mixed"	4
1	0.64289	"mixed"	2
1	0.64513	"loss"	6
1	0.63041	"loss"	4
1	0.44885	"loss"	2
1	0.51366	"gain"	2
1	0.42691	"gain"	6
1	0.48752	"mixed"	6
0	0.402	"gain"	4
0	0.80494	"mixed"	4
1	0.54719	"gain"	4
0	0.80241	"gain"	2
0	0.9193	"loss"	2
1	0.97383	"gain"	6
1	0.94436	"mixed"	2
1	0.73721	"mixed"	6
1	0.77871	"loss"	6
1	0.73393	"mixed"	4
1	0.64689	"loss"	4
1	0.92612	"loss"	6
1	0.62079	"mixed"	6
0	0.78391	"mixed"	4
1	0.8284	"gain"	6
1	0.62195	"mixed"	2
1	0.71745	"loss"	2
1	0.54971	"gain"	2
1	0.69039	"loss"	4
1	0.55019	"gain"	4
0	0.60547	"mixed"	2
0	0.79625	"gain"	2
1	0.76851	"loss"	2
1	0.709	"mixed"	6
1	0.59797	"gain"	4
1	0.64549	"loss"	6
1	0.7374	"gain"	6
1	0.96911	"mixed"	4
1	0.87859	"loss"	4
1	0.83	"gain"	2
1	0.92323	"loss"	2
1	0.51692	"mixed"	4
1	0.8785	"mixed"	6
1	0.65771	"gain"	6
1	0.75888	"gain"	4
1	0.69276	"mixed"	2
1	0.70359	"loss"	4
1	0.68165	"loss"	6
1	0.88613	"loss"	2
1	0.80877	"gain"	2
0	0.93198	"gain"	4
1	1.01316	"mixed"	2
1	0.70339	"mixed"	6
1	0.93629	"mixed"	4
1	0.78397	"loss"	6
1	0.68575	"loss"	4
1	0.76272	"gain"	6
1	0.62035	"gain"	6
1	1.05824	"mixed"	2
1	0.81329	"mixed"	4
1	0.96051	"loss"	4
1	0.59728	"gain"	4
1	0.72822	"loss"	2
1	0.75095	"mixed"	6
1	0.89359	"gain"	2
1	0.82287	"loss"	6
1	0.85941	"loss"	4
1	0.66403	"gain"	4
1	0.84629	"loss"	2
1	0.92044	"loss"	6
0	0.91049	"mixed"	2
1	0.76493	"gain"	6
1	0.75622	"mixed"	4
0	0.9152	"gain"	2
0	0.96311	"mixed"	6
1	0.91267	"loss"	2
1	0.72797	"loss"	6
1	0.66242	"mixed"	4
1	0.80771	"loss"	4
1	0.69232	"gain"	6
1	0.79247	"mixed"	6
0	0.82811	"gain"	4
0	0.8397	"gain"	2
1	0.93057	"mixed"	2
1	0.66781	"loss"	4
1	1.02961	"loss"	2
1	1.03193	"gain"	2
1	0.67458	"gain"	4
1	0.62181	"loss"	6
0	0.8116	"mixed"	2
0	0.73362	"mixed"	6
1	0.95879	"gain"	6
1	0.93476	"mixed"	4
1	0.66194	"gain"	4
1	0.57592	"gain"	6
1	0.55738	"mixed"	4
1	0.69399	"mixed"	6
1	0.88463	"loss"	4
1	0.85184	"mixed"	2
1	0.69545	"loss"	2
1	0.69205	"gain"	2
1	0.78134	"loss"	6
0	0.8348	"gain"	6
1	0.96575	"gain"	2
0	0.96672	"loss"	2
0	1.16476	"mixed"	2
1	0.93693	"mixed"	4
1	1.24857	"mixed"	6
1	1.20785	"loss"	6
1	0.86881	"loss"	4
0	0.87917	"gain"	4
1	0.86354	"loss"	6
1	0.80075	"loss"	4
1	0.98875	"gain"	2
1	0.82544	"loss"	2
1	0.96515	"gain"	4
1	0.82662	"mixed"	4
1	0.89266	"mixed"	2
1	0.69411	"gain"	6
1	0.69365	"mixed"	6
1	0.77406	"mixed"	4
1	0.6276	"gain"	6
0	0.84066	"loss"	6
1	0.78908	"loss"	4
1	0.81848	"gain"	2
0	0.69319	"mixed"	2
1	0.6858	"gain"	4
1	0.70308	"loss"	2
1	0.73517	"mixed"	6
1	0.71039	"gain"	6
1	0.73422	"loss"	6
1	0.90749	"mixed"	4
1	0.65511	"loss"	4
0	0.66567	"gain"	2
0	0.72293	"mixed"	2
1	0.67416	"mixed"	6
1	0.43627	"loss"	2
1	0.82727	"gain"	4
