1	0.99924	"gain"	6
1	1.41373	"loss"	6
1	1.16059	"gain"	2
1	1.26179	"loss"	4
0	1.30556	"mixed"	2
1	0.94572	"mixed"	4
1	1.1488	"gain"	4
1	0.93942	"loss"	2
1	0.96627	"mixed"	6
1	0.96521	"loss"	4
1	0.95826	"mixed"	4
1	0.84673	"gain"	6
0	0.82062	"loss"	2
1	0.80997	"mixed"	6
1	0.67597	"loss"	6
1	0.94719	"gain"	2
1	0.85038	"mixed"	2
1	0.85054	"gain"	4
1	0.76608	"gain"	4
1	0.91901	"loss"	6
1	0.76429	"loss"	4
1	0.73514	"gain"	6
1	0.9518	"loss"	2
1	0.80899	"mixed"	4
1	0.95231	"mixed"	6
1	0.71728	"mixed"	2
1	0.79572	"gain"	2
1	0.99187	"mixed"	2
1	0.96204	"mixed"	6
1	1.10498	"loss"	2
1	1.02243	"loss"	4
1	0.94524	"gain"	6
1	0.97615	"loss"	6
1	0.9897	"gain"	2
1	1.05754	"mixed"	4
1	0.7353	"gain"	4
1	1.15106	"loss"	4
1	0.78692	"gain"	6
1	0.89944	"loss"	6
1	0.72275	"mixed"	4
1	0.94028	"gain"	2
1	0.77887	"gain"	4
1	0.82232	"mixed"	2
1	0.81309	"mixed"	6
0	0.94844	"loss"	2
1	0.92717	"loss"	6
1	1.25046	"mixed"	2
1	0.67179	"gain"	4
1	0.96405	"loss"	4
0	1.09301	"loss"	2
1	0.74294	"mixed"	4
1	0.69167	"gain"	6
0	0.67197	"gain"	2
1	0.87217	"mixed"	6
1	0.77724	"mixed"	6
1	0.85926	"gain"	4
1	1.22092	"loss"	4
1	0.97145	"loss"	2
1	1.00571	"mixed"	2
1	0.79888	"gain"	6
1	1.03509	"mixed"	4
1	0.79399	"loss"	6
1	1.25569	"gain"	2
1	0.8577	"gain"	4
1	0.83798	"loss"	2
1	0.97199	"mixed"	4
1	1.40683	"mixed"	2
1	0.72927	"loss"	6
1	0.804	"gain"	2
1	0.8568	"loss"	4
1	0.69826	"mixed"	6
1	0.91824	"gain"	6
1	0.98998	"gain"	2
1	0.95972	"loss"	2
1	0.71263	"loss"	6
1	0.71913	"gain"	6
1	0.77538	"mixed"	4
1	0.91501	"mixed"	2
1	0.75232	"mixed"	6
1	0.72935	"gain"	4
1	1.04183	"loss"	4
1	0.82568	"gain"	4
1	0.88792	"gain"	2
1	0.79857	"mixed"	2
1	1.01053	"mixed"	4
1	0.99231	"loss"	2
1	0.72527	"mixed"	6
1	0.93829	"loss"	4
1	0.8463	"gain"	6
1	0.71553	"loss"	6
1	0.91376	"mixed"	2
1	1.04594	"loss"	4
1	0.73594	"mixed"	4
1	0.64011	"gain"	6
1	0.72219	"gain"	4
1	0.65834	"mixed"	6
1	0.89936	"loss"	2
1	0.74752	"loss"	6
1	1.4137	"gain"	2
1	0.62475	"gain"	6
1	0.71202	"gain"	4
1	0.57399	"mixed"	6
1	0.66969	"mixed"	4
1	0.61472	"loss"	4
1	0.79314	"gain"	2
1	0.82607	"loss"	2
1	0.71555	"loss"	6
0	1.03046	"mixed"	2
0	1.02505	"loss"	2
1	0.84806	"mixed"	2
1	0.76272	"loss"	6
1	0.69387	"gain"	4
1	0.89708	"mixed"	4
1	0.65596	"gain"	6
1	0.64459	"gain"	2
1	0.70155	"mixed"	6
1	0.74291	"loss"	4
1	0.79025	"mixed"	4
1	0.71509	"loss"	6
1	0.65091	"gain"	4
1	0.58868	"gain"	6
1	0.78616	"loss"	4
1	0.75852	"mixed"	6
0	0.64986	"loss"	2
1	0.8109	"gain"	2
1	0.61322	"mixed"	2
1	0.57099	"gain"	6
1	0.99817	"gain"	2
1	0.74707	"loss"	6
1	0.63297	"mixed"	6
1	0.86764	"mixed"	2
1	0.65674	"mixed"	4
1	0.76519	"loss"	4
1	0.90866	"gain"	4
1	0.87551	"loss"	2
1	0.70682	"mixed"	6
1	0.73142	"gain"	4
1	0.61762	"gain"	6
1	0.94582	"mixed"	4
1	0.84874	"loss"	2
1	0.87926	"mixed"	2
1	0.72488	"gain"	2
1	1.06792	"loss"	4
1	0.81151	"loss"	6
1	0.73799	"gain"	4
1	0.72417	"mixed"	2
1	0.88687	"loss"	4
1	0.64472	"mixed"	6
1	1.08479	"mixed"	4
1	0.57584	"gain"	6
0	1.01196	"gain"	2
1	0.7796	"loss"	6
0	1.68218	"loss"	2
1	1.57532	"mixed"	2
1	1.34423	"gain"	2
1	0.75437	"mixed"	6
1	0.69481	"loss"	6
1	0.79017	"gain"	6
1	1.51246	"gain"	4
1	0.91933	"loss"	2
1	1.27793	"mixed"	4
1	0.68144	"loss"	4
1	0.82084	"gain"	2
1	0.89409	"loss"	6
1	0.86024	"loss"	2
1	0.76357	"mixed"	6
1	0.64839	"gain"	6
1	1.28846	"mixed"	4
1	0.80397	"gain"	4
1	0.84846	"loss"	4
1	0.73433	"mixed"	2
1	0.79834	"mixed"	6
1	0.78227	"loss"	4
1	0.74826	"loss"	2
1	0.75718	"mixed"	4
1	0.65345	"gain"	6
0	0.68666	"mixed"	2
1	0.88688	"gain"	4
1	0.68699	"loss"	6
1	1.03113	"gain"	2
1	0.69408	"gain"	6
1	0.79967	"gain"	2
0	1.35902	"loss"	2
1	0.73452	"mixed"	6
1	1.08134	"loss"	4
1	0.68536	"loss"	6
1	0.67473	"mixed"	2
1	0.81971	"gain"	4
1	0.69271	"mixed"	4
1	0.81291	"gain"	2
1	0.78704	"mixed"	2
0	1.23383	"loss"	2
1	0.74751	"mixed"	4
1	0.65775	"loss"	6
1	0.63719	"gain"	6
1	0.74879	"loss"	4
1	0.77959	"mixed"	6
1	0.58176	"gain"	4
1	1.14318	"loss"	4
1	0.78155	"mixed"	6
1	1.47835	"gain"	6
1	0.69841	"loss"	2
1	0.64878	"loss"	6
1	0.8585	"mixed"	2
1	0.9146	"mixed"	4
1	0.9832	"gain"	4
0	1.04504	"gain"	2
1	1.06458	"loss"	6
1	0.94278	"loss"	2
0	0.93714	"gain"	2
1	0.666	"gain"	6
1	0.74561	"mixed"	6
1	0.69566	"loss"	4
1	0.69086	"gain"	4
1	0.78126	"mixed"	4
1	0.88309	"mixed"	2
1	0.67268	"gain"	4
0	1.04566	"gain"	2
1	0.8206	"mixed"	4
1	0.78915	"loss"	2
1	0.83091	"mixed"	2
1	1.24339	"loss"	4
1	0.63712	"gain"	6
1	0.84924	"loss"	6
1	0.75044	"mixed"	6
1	0.90723	"loss"	2
1	0.70349	"mixed"	4
1	0.59171	"mixed"	2
1	0.7287	"gain"	4
1	0.8109	"loss"	4
1	0.60658	"gain"	6
1	0.73702	"mixed"	6
1	0.64592	"loss"	6
1	0.77688	"gain"	2
1	0.75416	"mixed"	4
0	1.09186	"loss"	2
1	1.03729	"mixed"	2
1	0.67307	"gain"	4
1	0.82192	"gain"	6
1	0.73565	"loss"	6
1	0.81966	"loss"	4
1	0.91947	"gain"	2
1	0.7615	"mixed"	6
1	1.09152	"loss"	4
1	0.75993	"mixed"	2
1	1.66566	"loss"	2
1	0.66934	"gain"	6
1	0.95506	"gain"	4
1	0.70364	"gain"	2
1	0.6649	"mixed"	4
1	0.70016	"loss"	6
1	0.66989	"mixed"	6
1	0.64186	"loss"	6
1	0.62181	"gain"	4
1	0.71164	"loss"	4
1	0.8759	"mixed"	4
1	0.60063	"mixed"	6
1	0.70537	"loss"	2
1	0.94566	"mixed"	2
1	0.63396	"gain"	6
0	0.81454	"gain"	2
1	0.85465	"loss"	2
1	0.66414	"loss"	6
1	0.60618	"mixed"	6
1	0.63188	"gain"	6
1	0.64363	"mixed"	2
1	0.59459	"gain"	4
1	0.99959	"gain"	2
1	1.46378	"mixed"	4
1	0.96092	"loss"	4
