1	0.75879	"mixed"	4
1	1.27401	"mixed"	2
1	0.78623	"mixed"	6
1	0.47222	"gain"	2
1	0.51567	"loss"	2
1	0.602	"gain"	4
0	0.50137	"loss"	6
0	0.7011	"gain"	6
1	0.76971	"loss"	4
0	0.73009	"loss"	6
1	0.51262	"gain"	4
1	0.76199	"gain"	2
0	0.72805	"loss"	2
0	0.75191	"mixed"	2
1	0.61592	"mixed"	4
1	0.81644	"loss"	4
1	0.65968	"gain"	6
1	1.22405	"mixed"	6
1	0.79052	"mixed"	2
1	0.72079	"loss"	4
1	0.63629	"loss"	6
1	0.70882	"gain"	2
1	1.54858	"gain"	6
1	0.99728	"mixed"	6
1	0.81668	"loss"	2
0	0.97685	"mixed"	4
1	1.14532	"gain"	4
1	0.75828	"loss"	6
0	1.12382	"gain"	2
0	1.51953	"mixed"	4
1	0.99278	"gain"	4
0	0.77054	"mixed"	2
1	0.92628	"gain"	6
1	0.88861	"loss"	4
1	1.09015	"loss"	2
1	0.59209	"mixed"	6
1	0.67737	"mixed"	2
1	1.18673	"mixed"	6
1	0.68281	"loss"	4
1	0.50553	"loss"	6
1	0.62115	"gain"	2
0	0.5748	"gain"	4
1	0.53957	"loss"	2
1	0.53524	"mixed"	4
1	0.58822	"gain"	6
0	0.75396	"gain"	2
1	0.51129	"mixed"	6
1	0.42458	"gain"	6
0	0.53272	"mixed"	4
1	0.67581	"mixed"	2
0	0.63509	"loss"	4
1	0.84039	"gain"	4
1	0.62205	"loss"	2
0	0.78138	"loss"	6
0	0.63032	"mixed"	2
1	0.60507	"loss"	4
0	0.57534	"loss"	2
1	0.74854	"gain"	2
1	1.27796	"gain"	6
1	0.7007	"loss"	6
1	0.54113	"mixed"	6
0	0.65923	"mixed"	4
1	1.17141	"gain"	4
0	0.88964	"mixed"	4
1	0.7604	"loss"	2
1	0.71341	"loss"	6
1	0.69556	"loss"	4
0	0.72525	"mixed"	2
0	0.54919	"gain"	6
1	0.69001	"gain"	4
1	0.66407	"mixed"	6
1	0.68928	"gain"	2
1	0.65578	"mixed"	4
1	1.15985	"loss"	4
1	0.91115	"loss"	6
0	1.11904	"loss"	2
1	0.6231	"gain"	4
0	0.68089	"gain"	2
1	0.83621	"gain"	6
1	0.82791	"mixed"	6
1	0.7581	"mixed"	2
1	0.92599	"gain"	6
1	0.62911	"gain"	2
1	0.62001	"mixed"	4
1	0.78853	"mixed"	2
0	0.98705	"loss"	2
1	0.81748	"loss"	4
1	0.71659	"loss"	6
1	0.60571	"mixed"	6
0	0.58989	"gain"	4
1	0.59719	"loss"	6
0	0.55355	"gain"	4
1	0.55526	"gain"	2
1	0.55105	"mixed"	2
1	0.70446	"mixed"	6
1	0.96628	"loss"	4
1	0.77402	"mixed"	4
1	0.814	"loss"	2
1	0.54428	"gain"	6
1	0.6554	"gain"	4
1	0.67563	"loss"	4
1	0.72898	"loss"	6
1	0.52666	"gain"	6
1	0.94251	"gain"	2
1	0.76759	"mixed"	4
1	0.68158	"loss"	2
1	0.57759	"mixed"	6
0	0.71332	"mixed"	2
1	0.90984	"gain"	4
1	0.88148	"loss"	2
1	0.61567	"loss"	4
1	1.48544	"mixed"	6
1	0.82061	"mixed"	4
1	0.61165	"mixed"	2
1	0.72776	"gain"	6
1	0.63793	"loss"	6
1	1.19216	"gain"	2
1	0.63837	"gain"	6
1	0.70707	"mixed"	4
1	0.59116	"mixed"	6
1	0.6132	"loss"	4
1	0.45943	"mixed"	2
1	0.74863	"loss"	2
1	0.69192	"gain"	2
1	0.49864	"gain"	4
1	0.71873	"loss"	6
1	0.59241	"gain"	4
1	0.53111	"loss"	2
1	0.54848	"gain"	6
1	0.6977	"mixed"	4
1	0.59827	"mixed"	2
1	0.59452	"loss"	6
1	0.73796	"mixed"	6
1	0.59019	"gain"	2
1	0.79567	"loss"	4
0	0.73598	"loss"	6
1	0.56467	"gain"	2
1	0.73393	"loss"	2
1	0.54224	"mixed"	6
1	0.80591	"mixed"	2
1	0.50533	"gain"	6
0	0.81092	"gain"	4
1	0.59932	"mixed"	4
1	1.64791	"loss"	4
0	0.57089	"mixed"	4
1	0.54804	"loss"	6
1	0.58477	"loss"	2
1	0.46439	"gain"	4
1	0.69303	"mixed"	2
1	0.69683	"gain"	6
1	0.58793	"mixed"	6
0	0.67237	"gain"	2
1	0.37434	"loss"	4
1	0.34416	"gain"	2
1	0.38404	"gain"	6
1	0.57454	"gain"	4
1	0.56705	"mixed"	6
0	0.59618	"mixed"	2
0	0.53508	"loss"	6
0	0.97845	"loss"	2
1	0.48088	"mixed"	4
1	0.48187	"loss"	4
1	0.82604	"loss"	6
1	0.57706	"mixed"	6
1	0.56328	"gain"	2
1	1.16077	"gain"	4
0	0.61087	"mixed"	2
1	0.53873	"loss"	4
0	0.48242	"loss"	2
1	0.50871	"mixed"	4
1	0.53079	"gain"	6
0	0.61769	"gain"	2
1	0.71403	"gain"	4
1	0.48166	"gain"	6
1	0.55578	"loss"	2
1	0.71201	"loss"	6
1	0.70923	"loss"	4
0	0.99369	"mixed"	2
1	0.76929	"mixed"	4
1	0.60551	"mixed"	6
1	0.64104	"gain"	2
0	0.78067	"loss"	2
1	0.62912	"loss"	6
1	1.27996	"mixed"	6
1	1.02411	"gain"	4
1	0.53762	"gain"	6
1	0.47184	"mixed"	4
1	0.69942	"loss"	4
1	0.70155	"mixed"	2
1	1.28361	"gain"	4
1	0.54771	"gain"	2
1	0.55891	"mixed"	2
1	0.61875	"loss"	6
1	0.64557	"loss"	2
1	0.51132	"mixed"	6
1	0.55714	"mixed"	4
1	0.67105	"loss"	4
1	0.50371	"gain"	6
0	0.48333	"mixed"	4
0	0.59855	"loss"	6
1	0.93049	"loss"	4
1	0.57645	"gain"	6
1	0.80005	"mixed"	6
1	0.56246	"gain"	4
0	0.8783	"loss"	2
0	0.7083	"gain"	2
1	0.60964	"mixed"	2
0	0.95423	"loss"	2
1	0.64186	"mixed"	6
1	0.62573	"loss"	4
1	0.57086	"gain"	4
1	0.73485	"mixed"	4
1	0.61572	"gain"	2
0	0.77261	"gain"	6
1	0.6449	"loss"	6
1	1.02606	"mixed"	2
0	0.78454	"gain"	2
0	1.9913	"gain"	6
1	0.70976	"loss"	6
1	0.7019	"gain"	4
1	0.59374	"mixed"	4
1	0.53217	"loss"	2
0	0.6577	"mixed"	2
0	0.72564	"loss"	4
1	0.57897	"mixed"	6
0	1.03157	"gain"	2
1	0.50954	"mixed"	4
1	0.6147	"gain"	6
1	0.38403	"mixed"	2
0	0.40523	"loss"	6
0	1.24764	"gain"	4
1	0.63469	"mixed"	6
1	0.50753	"loss"	4
1	0.50144	"loss"	2
1	0.66488	"gain"	4
1	0.52665	"loss"	4
0	0.7783	"gain"	2
0	0.8525	"mixed"	2
1	0.55316	"loss"	6
0	0.71375	"loss"	2
1	0.57182	"gain"	6
0	0.57951	"mixed"	6
1	0.48022	"mixed"	4
1	0.41391	"loss"	4
0	0.42817	"loss"	2
0	0.61333	"mixed"	2
0	0.96851	"gain"	2
1	0.43353	"gain"	6
0	0.66911	"mixed"	4
1	0.51778	"gain"	4
1	0.5228	"mixed"	6
0	0.51649	"loss"	6
0	0.68948	"gain"	2
0	0.81353	"mixed"	2
0	0.86573	"gain"	4
1	0.58794	"loss"	4
1	0.72728	"loss"	6
0	0.64951	"loss"	2
1	0.57406	"gain"	6
1	0.76121	"mixed"	4
1	0.48745	"mixed"	6
1	0.64222	"mixed"	6
1	0.60206	"mixed"	2
0	0.46566	"gain"	4
1	0.54208	"loss"	6
1	0.77042	"loss"	4
1	0.56341	"gain"	6
1	0.73885	"loss"	2
1	0.61761	"gain"	2
1	0.91674	"mixed"	4
